   2  amp_real1    2.13701e-01   5.71564e-02   5.01620e-05   4.96932e-02
   3   amp_imag1  -8.39547e-01   6.27851e-02   1.29023e-04  -4.19404e-02
   4  amp_real2   -2.70390e-01   1.33395e-02  -1.40988e-06  -1.55018e-01
   5  amp_imag2   -1.98526e-02   1.74395e-02  -1.87204e-05   4.10609e-02
   6  amp_real3   -1.40400e-01   7.35290e-03   5.24901e-07   1.89986e-03
   7  amp_imag3    3.58112e-04   6.83971e-03   1.11409e-05   2.60658e-01
   8  amp_real4   -2.58058e-01   7.85113e-03   5.01849e-06   5.70492e-02
   9  amp_imag4   -5.28028e-02   8.53227e-03   3.01018e-06   2.88546e-02
  10  amp_real5    3.67543e-01   2.07479e-02  -2.77060e-05   4.25981e-02
  11  amp_imag5    5.07635e-01   2.43041e-02   1.38543e-05  -4.04427e-02
  12  amp_real6   -2.47552e-01   8.75528e-03  -9.11264e-06   1.22077e-01
  13  amp_imag6    9.03255e-02   9.17355e-03   5.62717e-06  -1.84232e-01
  14  amp_real7   -1.59681e+00   2.39621e-02  -3.21397e-05   3.31417e-02
  15  amp_imag7    4.43687e-01   2.77995e-02   1.92887e-05   4.53803e-02
  16  amp_real8    1.00000e+00   constant   
  17  amp_imag8    0.00000e+00   constant   
  18  amp_real9    3.77353e+00   7.21019e-02   7.32697e-05   7.20427e-03
  19  amp_imag9   -2.87895e+00   5.43079e-02  -2.96835e-05   3.34619e-02
  20  amp_real11   1.79348e-01   3.65587e-03   5.19830e-06   4.25669e-01
  21  amp_imag11   1.34666e-01   3.56252e-03   7.15637e-07   2.33271e-01
  22  amp_real12   1.79348e-01   3.65587e-03   5.19830e-06   4.25669e-01
  23  amp_imag12   1.34666e-01   3.56252e-03   7.15637e-07   2.33271e-01
 
