0.38129565
8775.243384
6211.507251
25519.58834
2085.874153
25519.58834
5680.71978
5680.71978
5680.71978
5680.71978
5680.71978
208.6515359
126.9502833
906.5563764
207.4965633
42.27100391
42.27100391
207.4965633
42.27100391
1811.149693
906.5563764
9867.261749
67515.87851
182.3744067
238.5248208
43.57545241
101.4713586
2.43277274
2319.97227
42.27100155
207.4965633
258.4952236
170.4023282
1825.933118
123.6911548
18.38525543
40.34106744
16.66036324
19.72314455
71.88548124
71.88548124
71.88548124
19.72314455
71.88548124
10.19389507
67.49380395
1754.331683
29.94230592
10.73739217
1.301438853
300.2977142
2.823576224
7.793759528
0.3372432335
490.3880483
395.9699752
51.09469763
74.95905765
101.4713586
75.32059311
2.43277274
2979.784918
44.7533876
43.57545241
2868.865118
3.185368538
22.36302021
1497.34225
3517.142329
2979.784918
2868.865118
22.36302021
3.185368538
43.57545241
2868.865118
2868.865118
2739.776514
3517.142329
2979.784918
3570.726489
2.922009493
7.956116281
58.45103672
25776.94105
79.40049574
20.26845513
17.3740572
25.64535714
17.3197175
17.3197175
23.24675188
23.24165141
23.44452792
82.62911998
82.62911998
29.08476481
29.08476481
29.08476481
29.08476481
29.08476481
29.08476481
29.08476481
29.08476481
29.08476481
29.08476481
29.08476481
29.08476481
29.08476481
29.08476481
29.08476481
1.111896037
4.628399786
82.62911998
1.19538136
0.5313950326
29.08404408
0.2078497962
2.654984976
2.00795919
0.009876271073
2.654984976
0.01657909716
1.894774401
1.607411713
0.01657909716
26.54603978
